0 Normalized Minifigure Y=0 at Highest Point
1 14 0 -12 114 1 0 0 0 0 1 0 -1 0 3626cp01.dat
1 15 0 -12 58 1 0 0 0 0 1 0 -1 0 3815.dat
1 15 0 -12 46 1 0 0 0 0 1 0 -1 0 3816.dat
1 15 0 -12 46 1 0 0 0 0 1 0 -1 0 3817.dat
1 0 0 -12 90 1 0 0 0 0 1 0 -1 0 973.dat
1 15 16 -12 81 0.985329 0.170671 0 0 0 1 0.170671 -0.985328 0 3819.dat
1 15 -16 -12 81 0.985497 -0.169703 0 0 0 1 -0.169703 -0.985496 0 3818.dat
1 14 -24 -22 63 0.991567 0.048984 0.119999 -0.12 0.696851 0.707108 -0.048986 -0.715544 0.696851 3820.dat
1 14 24 -22 63 0.991483 0.04898 -0.120682 0.051229 0.70525 0.707108 0.119744 -0.707267 0.696734 3820.dat
1 15 0 0 -1 -1 0 0 0 1 0 0 0 -1 87609.dat
1 15 0 -40 -1 -1 0 0 0 1 0 0 0 -1 2431.dat
1 15 0 -14 16 -1 0 0 0 0 -1 0 -1 0 88646.dat
1 15 0 -24 -1 -1 0 0 0 1 0 0 0 -1 30414.dat
1 15 0 -32 -1 1 0 0 0 1 0 0 0 1 3710.dat
1 15 0 -24 -21 1 0 0 0 1 0 0 0 1 3010.dat
1 15 0 0 -21 1 0 0 0 1 0 0 0 1 3710.dat
1 15 0 -32 -21 1 0 0 0 1 0 0 0 1 3710.dat
1 15 0 -40 -21 -1 0 0 0 1 0 0 0 -1 2431.dat
1 15 -50 0 -11 0 0 -1 0 1 0 1 0 0 3069b.dat
1 15 50 0 -11 0 0 1 0 1 0 -1 0 0 3069b.dat