0 Untitled Model
0 Name:  Default BL IP Minifigure_Copy
0 Author:  
0 CustomBrick
0 FlexibleBrickControlPointUnitLength -1
0 FlexibleBrickLockedControlPoint 
0 NumOfBricks:  9
1 14 111.000200 -68.000000 0.000040 0.000000 0.000000 1.000002 0.000000 1.000000 0.000000 -1.000002 0.000000 0.000000 3626cp01.dat
0 STEP
1 15 111.000200 -12.000000 0.000040 0.000000 0.000000 1.000002 0.000000 1.000000 0.000000 -1.000002 0.000000 0.000000 3815.dat
1 15 111.000200 0.000000 0.000040 0.000000 0.000000 1.000002 0.000000 1.000000 0.000000 -1.000002 0.000000 0.000000 3816.dat
1 15 111.000200 0.000000 0.000030 0.000000 0.000000 1.000002 0.000000 1.000000 0.000000 -1.000002 0.000000 0.000000 3817.dat
0 STEP
1 0 111.000200 -44.000000 0.000060 0.000000 0.000000 1.000002 0.000000 1.000000 0.000000 -1.000002 0.000000 0.000000 973.dat
1 15 111.000200 -35.124300 -15.471810 0.000000 0.000000 1.000002 -0.170671 0.985328 0.000000 -0.985330 -0.170671 0.000000 3819.dat
1 15 111.000200 -35.092800 15.574630 0.000000 0.000000 1.000002 0.169703 0.985495 0.000000 -0.985497 0.169703 0.000000 3818.dat
1 14 101.500100 -17.216940 23.726620 -0.119999 0.696851 0.707108 0.048984 0.715542 -0.696850 -0.991567 -0.048984 -0.119999 3820.dat
1 14 101.000100 -17.256440 -23.641270 0.051229 0.705250 0.707108 -0.119745 0.707266 -0.696732 -0.991484 -0.048980 0.120682 3820.dat
0 STEP