0 Untitled Model
0 Name:  Default BL IP Minifigure_Copy
0 Author:  
0 CustomBrick
0 FlexibleBrickControlPointUnitLength -1
0 FlexibleBrickLockedControlPoint 
0 NumOfBricks:  9
1 14 -0.557660 -15.282740 53.159420 1.000001 0.000000 0.000000 0.000000 0.000000 1.000002 0.000000 -1.000000 0.000000 3626cp01.dat
0 STEP
1 15 -0.557670 -15.282730 -2.840500 1.000001 0.000000 0.000000 0.000000 0.000000 1.000002 0.000000 -1.000000 0.000000 3815.dat
1 15 -0.557670 -15.282730 -14.840520 1.000001 0.000000 0.000000 0.000000 0.000000 1.000002 0.000000 -1.000000 0.000000 3816.dat
1 15 -0.557660 -15.282730 -14.840520 1.000001 0.000000 0.000000 0.000000 0.000000 1.000002 0.000000 -1.000000 0.000000 3817.dat
0 STEP
1 0 -0.557700 -15.282730 29.159480 1.000001 0.000000 0.000000 0.000000 0.000000 1.000002 0.000000 -1.000000 0.000000 973.dat
1 15 14.914170 -15.282730 20.283770 0.985329 0.170671 0.000000 0.000000 0.000000 1.000002 0.170671 -0.985328 0.000000 3819.dat
1 15 -16.132250 -15.282730 20.252270 0.985497 -0.169703 0.000000 0.000000 0.000000 1.000002 -0.169703 -0.985494 0.000000 3818.dat
1 14 -24.284240 -24.782830 2.376440 0.991567 0.048984 0.119999 -0.119999 0.696851 0.707108 -0.048984 -0.715542 0.696850 3820.dat
1 14 23.083600 -25.282830 2.415940 0.991483 0.048980 -0.120682 0.051229 0.705250 0.707108 0.119745 -0.707265 0.696732 3820.dat
0 STEP
