0 Normalized Minifigure Template
0 Name:  Untitled Model
0 Author:  
0 CustomBrick
0 FlexibleBrickControlPointUnitLength -1
0 FlexibleBrickLockedControlPoint 
1 14 -160.000000 -72.750210 96.000180 1.000000 -0.000001 0.000000 0.000000 0.000000 1.000003 -0.000001 -1.000003 0.000000 3626cp01.dat
1 15 -159.999900 -72.750240 40.000390 1.000000 -0.000001 0.000000 0.000000 0.000000 1.000003 -0.000001 -1.000003 0.000000 3815.dat
1 15 -160.000000 -72.750230 28.000170 1.000000 -0.000001 0.000000 0.000000 0.000000 1.000003 -0.000001 -1.000003 0.000000 3816.dat
1 15 -160.000000 -72.750130 28.000380 1.000000 -0.000001 0.000000 0.000000 0.000000 1.000000 -0.000001 -1.000000 0.000000 3817.dat
1 0 -160.000000 -72.750100 72.000530 1.000000 -0.000001 0.000000 0.000000 0.000000 1.000003 -0.000001 -1.000003 0.000000 973.dat
1 15 -144.000200 -72.748980 63.001010 0.985329 0.170671 0.000000 0.000000 -0.000001 0.999995 0.170666 -0.985332 0.000000 3819.dat
1 15 -176.000200 -72.750210 63.000300 0.985497 -0.169703 0.000000 0.000000 0.000000 1.000003 -0.169701 -0.985496 0.000000 3818.dat
1 14 -184.000100 -82.750160 45.000440 0.991567 0.048984 0.119999 -0.120000 0.696851 0.707108 -0.048986 -0.715544 0.696851 3820.dat
1 14 -136.000500 -82.750140 45.000340 0.991483 0.048980 -0.120682 0.051229 0.705250 0.707108 0.119744 -0.707267 0.696734 3820.dat
1 15 -160.000000 -60.000250 -17.999920 -1.000000 0.000000 0.000000 0.000000 1.000000 0.000000 0.000000 0.000000 -1.000000 87609.dat
1 15 -160.000000 -100.000200 -17.999920 -1.000000 0.000000 0.000000 0.000000 1.000000 0.000000 0.000000 0.000000 -1.000000 2431.dat
1 15 -160.000000 -74.000240 0.000090 -1.000000 0.000000 0.000000 0.000000 0.000000 -1.000000 0.000000 -1.000000 0.000000 88646.dat
1 15 -160.000000 -84.000240 -17.999920 -1.000000 0.000000 0.000000 0.000000 1.000000 0.000000 0.000000 0.000000 -1.000000 30414.dat
1 15 -160.000000 -92.000240 -17.999920 1.000000 0.000000 0.000000 0.000000 1.000000 0.000000 0.000000 0.000000 1.000000 3710.dat
1 15 -160.000000 -84.000240 -37.999920 1.000000 0.000000 0.000000 0.000000 1.000000 0.000000 0.000000 0.000000 1.000000 3010.dat
1 15 -160.000000 -60.000250 -37.999920 1.000000 0.000000 0.000000 0.000000 1.000000 0.000000 0.000000 0.000000 1.000000 3710.dat
1 15 -160.000000 -92.000240 -37.999920 1.000000 0.000000 0.000000 0.000000 1.000000 0.000000 0.000000 0.000000 1.000000 3710.dat
1 15 -160.000000 -100.000200 -37.999920 -1.000000 0.000000 0.000000 0.000000 1.000000 0.000000 0.000000 0.000000 -1.000000 2431.dat
1 15 -210.000000 -60.000250 -27.999930 0.000000 0.000000 -1.000000 0.000000 1.000000 0.000000 1.000000 0.000000 0.000000 3069b.dat
1 15 -110.000000 -60.000250 -27.999920 0.000000 0.000000 1.000000 0.000000 1.000000 0.000000 -1.000000 0.000000 0.000000 3069b.dat
